1,2,3,4,target
-0.29506055424385674,0.13854427186319287,-0.12793998379496488,-0.2656004364392123,-11.974486417352477
-1.3408478358491827,0.806154693628147,2.5999617739573244,0.5226176497329101,-60.334984420994715
0.3712414087361022,-0.43357771501873377,0.46196234704887323,0.17338095329257636,12.060203486048803
0.16172091896345178,1.3780468319638475,-0.5873285073877353,0.41055226825151675,11.187019314767888
0.09484678136204254,1.0547741893020766,-0.5907446432021165,1.0112652536041535,19.777879971390192
-0.8878959340122905,0.04074386433654875,-1.3932267215396579,-0.7014409853944483,-51.994321423515856
-0.491558102226537,-1.339842991080377,-0.19317388059405471,0.128990385638065,-41.37233367292736
-0.3323934703868669,-1.0346466274148198,0.9766893696663613,0.21338216853473702,-28.876695307547717
-1.3448255036229537,-0.19087852164159588,-0.1808412595260236,-0.11128018292069355,-97.42444057475898
1.6489469858209806,-0.06988783409476092,-1.3922889792779125,-0.05900374026425656,110.94633138415756
-0.46837547444327265,1.5738961396219324,0.3113785687902729,1.8215401754104115,-28.647971359102822
0.5795987706129687,-1.4561804012917732,-0.7756722287346749,-1.7901531002138742,33.987543484438234
-0.13673881424425677,0.49626964608629015,-2.035041538372817,0.457495314391604,-0.07498076443473956
0.28042530353220857,0.8480467017858432,1.6669327270405254,0.37110010132194426,7.280866704216164
-1.4409058994910036,0.8070390023309278,0.5483971688227213,-1.2585025486964574,-98.88810914969743
-1.3511038933449464,-1.8288619615307076,-0.9969876796202332,0.7274317020991526,-85.9434963576673
0.9699123047671868,-1.5256317483607102,0.7731468509965644,0.11140425788108611,81.97472395038194
1.8514921503784196,0.10127146283120465,0.37894008777892685,-0.6536288147415665,127.59756187654838
-0.795573650456868,-0.12173166076502684,1.3907760692755966,-0.820734962978985,-63.67782012780804
-0.9364621087489334,0.9529319393184501,0.48549480914995663,-0.32517869380143366,-59.95513574134128
-0.5518705378723759,0.45325192744369763,0.6217046357585762,0.40931896175556787,-37.89661008956929
1.7085635104709638,0.226654926019571,-0.5436038896820027,1.4431802964645704,94.45422440117719
-0.3391370497183969,0.05565929940895966,-0.0036718353055980777,-0.38569273634362944,-18.478038659787288
-0.044643370689959994,1.5032041449991818,0.5943327007562075,0.7017435635751021,6.241448439868899
-0.07906617740787734,0.9735677609154343,0.35069528875917766,1.8652996322863655,-3.364375060583311
1.4762409909622791,0.9723484581099238,-0.40357084857397235,-0.02240729642343249,92.09447277032501
0.9463899853956647,0.7668367932936813,0.4167813205238572,-1.0372520970180839,57.19711635185679
0.6525218651923959,-0.5503745581611457,0.46023844280509524,-1.1811227786225502,33.157443196476315
0.03502763222655798,-0.44968179674583014,0.5700309364331864,0.7695977182995148,-3.031133375305937
-0.02259902634541336,-0.8177225272593368,-1.048039960500211,0.09760649530963864,-10.293332493178342
-0.7738367744168329,-1.1584412131750272,0.1149650470947151,0.6432131743148238,-35.67348730584458
-0.03661335705455142,0.4716301909632786,2.310894375759945,-0.28656205398949436,-4.558717856962481
0.04934950426771602,-0.47666770066133296,0.9428514378204857,-1.7841718573097154,6.0376007154352305
0.08966254629945043,-0.09768602557466062,0.33498600852408306,1.062667721440516,12.590092493973168
0.8482990214893857,-0.0803521680058067,-0.8851215370240868,0.00951771267228003,55.44984582384864
-0.46131682398043233,-0.1857032064735869,-1.3193794860423174,1.1311136033685412,-21.187179041597204
-0.517736776211596,0.0511709302325178,0.4389540399555412,0.7595423226454019,-17.805136903072746
0.6498721467029169,0.258640858622978,0.5305004341160248,-0.3912713576525525,53.74777279452786
-0.8881901887348029,-0.9224920505031322,-0.16770666322567368,-0.22252839232487132,-44.391177394282494
-0.7774189459301541,-1.444873356001083,-1.2970312061419627,0.2533254790163556,-53.125739432053244
1.051015067578222,-0.4776120060609522,-1.4025811144316216,2.173487019457916,59.04845206098271
0.10571754283469327,-0.019078295396508925,0.3256883575342327,-0.20684220186335242,10.296974327293851
0.12802906319410237,0.3461353012145464,0.993859511285838,-0.5604132222462735,15.91981004311019
-0.6507384050732418,-0.502701371343182,0.8194032838250407,-1.318449434359622,-49.70729196027612
0.612423729275448,-1.5956756326652235,0.9332023514462136,-0.36067750239636753,49.52344096609061
0.007421786026348074,0.2697717467045492,-0.31458361060458995,1.3556073546860496,10.299138320251629
-0.8708509242502142,-2.6156622568008125,-0.6486851312525197,-0.22507388863604058,-61.152595201706625
0.2701377061826402,2.4351075992575946,-0.8437685170421731,-1.6504553328535756,35.5659244543353
-1.3654705167786956,1.897854806966991,-0.5856943849453377,0.09263911710848079,-87.14441178470959
-0.9429745220846003,0.29438674589496383,-0.03120354958681389,1.23452419243698,-51.683849697491056
-0.2748238520667305,-0.09789853437744546,0.8578068910195019,0.835620675774955,3.095389744953234
-0.2588851418061479,0.37575835267148244,0.19318429231068102,0.4968381619956101,-21.8229820840835
0.3835146321133564,-0.8849562449892941,-0.23901972790318468,0.3680567648125001,11.673484175885696
-0.45105914153479065,-1.2529383720104899,0.8585017763660042,0.05801485391791605,-34.03530586905999
-0.2152605340182121,-0.9433652839367714,0.16478175216892688,-2.3615596215638934,-31.65600468847498
1.731616111725692,-0.38851572839511067,0.21249883030774747,-0.1257126687778216,107.58349552440984
1.9408775850920814,-0.22333905262531212,-0.7050594193923952,0.058812929682893346,114.94738276339324
-0.2725336675105682,-0.5729331014428347,0.27491516348970474,0.5401330602939661,-5.829383336705206
-1.4851984426944085,1.390022417870504,1.0375611533153068,1.7684950610365378,-105.92216552734803
-0.18878253248038446,0.55514103906045,0.8976967057262112,0.8036967217876829,0.0379484213835557
0.4997500257058561,-0.19386633482766685,0.5603398658553904,-1.5484261944234317,28.743055784472634
0.46286571985836333,-0.08282076227237778,0.6344435727608106,1.2436703289186275,27.097555937929283
-0.3712111983829128,-0.5162956138806444,1.5668026669382296,0.350346590960704,-21.4002773399225
-1.1108934174060086,0.8193101158908468,-0.3919762368755856,1.322459119665999,-68.30580290379912
1.1277643735798482,-1.6423591700857438,-0.5233586071570129,0.4928954373880085,66.59049101212946
-0.6585415552153945,-1.5180719552439994,1.144256149512233,-0.4806841724365462,-43.92984644416186
-0.8539010489765434,0.8558285231681492,-0.4595726126251309,1.6302789479344768,-60.6462660225362
0.29980908242938115,-0.47162629956672697,0.09334972047204876,0.016653798904613815,24.54643732616067
-1.2359380395344681,-1.044709523585322,-0.9137041946293377,1.007635914193432,-89.03754936529731
-0.0338478063367047,-0.791401403063788,-1.3281515043944752,0.47866166869851245,-7.533930655544912
1.4016330732162716,1.1198301546195422,0.903945352615321,-1.9092580125813563,91.14130072249722
0.5633864132835965,-1.3208754770167386,-0.693401404701937,-0.8477519047851213,36.43988838919296
0.1895312554960274,-0.22915001444974728,-0.5339696547431895,0.47351843261999316,15.704605246203712
-1.0664987148245928,-1.4707253982600688,0.28566202379253136,1.7661807526249669,-53.547317923729565
-0.7813263803667803,-1.064315405036746,0.12107482151798082,-1.4037675176842108,-57.44921763094356
0.7579745374720556,0.17154005023359764,0.8390722405587623,0.4286549137118654,41.501041412510425
-1.2467031194199916,0.17061166639718803,-1.530061272751205,-0.7655020261092641,-81.02940942303665
-0.7152300091390821,1.764108237666846,0.3079857660552555,1.666951412940439,-66.90057640063065
-0.6258869371235763,0.5078005567430638,0.4548497495056029,-0.4376952874659789,-32.84774494273304
-0.9155460730825962,0.02677535342773421,0.48588520282291425,-1.0046283834312884,-48.79699576985271
1.555263167913731,1.2710516678235295,1.1072975678617851,1.2450779715104199,99.97096417687716
0.6044990444854194,1.3581197425363039,-1.1225934254125116,-0.6816480489576184,30.61153836992051
-0.10155536711838986,0.13360739994182264,0.35882505234310363,-0.2853451551471946,-10.803221122100712
-1.3968819587367876,0.8441361836915471,-0.41372801185190944,-0.005584072401558931,-80.79724561226772
0.0012026709165717563,0.2746615094883156,-2.5252875672168082,-0.9471353304901752,2.6200118213784958
0.41251575510502125,1.0156232816670963,1.765849113915121,-0.3145482600626482,20.22731526757201
0.6977287249955222,1.5298570344075095,-0.765762452981859,-0.7602352044216123,42.99292101238701
0.24441944453106948,0.4898278796279457,-0.3996338295034656,-1.1982604542924409,15.233765149843869
1.84814543425848,0.47155080415033207,-0.2265643795027179,-1.0729791902374666,120.35524693506879
-1.5259975690727325,-1.1977343099090438,-0.16904913482605868,0.6749935441198492,-94.77305503850076
-0.3231170390100018,0.5512222555641935,-0.9465758450490357,1.392482405344431,-27.136226073370537
0.3321931256734973,-0.3622147031855984,-0.13902650312202788,-0.584239592270784,41.892300140959335
0.21504945982785018,-0.21635644757521105,-0.5743559602105698,-1.5473823430514677,19.463728406049714
0.3604329953088154,0.5357236532065743,-0.019806791087491202,-0.9727248099594006,31.595672236681423
-0.5804743368968888,1.9093781247283712,-1.3046370149431887,0.8224270677345946,-30.358072304064706
-1.3223309426566454,1.291286839434716,0.22245280297166595,1.5252769289562604,-78.28919583906179
1.616183815727695,-1.1106173883112287,-0.4468952562669762,-0.1291333993717176,108.91149496189323
0.045191306670918155,-0.8962251938533868,0.24665872618931375,-1.1009548913138736,7.438229624457932
1.4011801140899636,-0.3981285547064264,0.3781306087470471,1.3549962533547526,105.12658475579218
-0.21256761872130647,-1.156314476019675,0.6746632728822883,1.1612573400328658,-7.423214998019295
0.2036490942760018,-1.4595992400645585,0.9544342514717352,-0.88440314477159,27.581999872332513
1.1803371997304195,0.5132440044370807,-0.6172692023716868,0.21149086077639842,81.0572141619115
-1.1217925398345001,-0.5337158853187111,0.138321941884028,0.4506102359501078,-76.8715749800391
-0.6571645924063988,-1.474871057275466,-0.5239897594903907,-0.3173179203387952,-36.398566961486914
-0.6485442577334862,0.821874670446058,0.9493461300279702,0.4041803238917197,-28.094704232017644
0.5418981272547401,-0.6552798149217006,-0.9455354021710711,-0.06134044060775983,33.009708655805795
0.20387216481846018,-1.276485160520321,-1.0988958814250585,-0.7688772121135667,1.1747634705509835
0.1159349199295377,0.9126226649562859,0.4444190385821367,1.0793746328026326,2.252619649165365
0.9162700204215741,-0.5571674706466041,1.5797503939792377,-1.2051380456399086,38.85250245918124
-0.002399398310012558,-0.05076519331319046,0.35560475855582097,-0.4243637264018749,-10.2852488496127
-0.6269954582202895,-0.4621401625439927,0.8560829283359972,0.7358560649088027,-33.96363237918815
-0.5427130667661869,-0.058278779607181114,1.8374213842607054,-0.6222500664889025,-10.44530323012658
-0.23466130446078212,-0.3078242608988947,-0.07058842434027868,1.8428504920166469,1.8485651183375431
-0.625193882713236,1.8367693282068962,0.39063690874038703,-1.392071774051602,-37.10651335892438
-1.3153238720497233,-1.5360947069391337,0.6025176068090353,0.3870707599463447,-60.4654897161349
-0.8332221188013098,0.6649772095189505,-0.04938627250136837,1.2879182118193833,-62.219038451047105
1.6742560991933437,-0.04465126905012192,-0.6394484392190782,-1.1824130461951037,105.30083252217993
0.16262738757031273,2.210239600347073,1.8419035131920312,0.5563457589283655,14.324594519664291
0.2133488042907629,-1.0897438331011076,0.2802027044245109,0.6395868198726453,-3.0326432411736413
-1.3134023878359895,0.9837030886256742,0.33338491434598233,2.000175845787388,-71.23523648318816
-0.393086978473105,1.1419778262260905,0.8151606238574497,-2.489881653171826,-20.89429319413324
-0.7793290935244769,0.2144466557556294,0.8794098490695225,-0.3284802931828823,-50.656498490754764
-0.794813532346602,-1.5623366928592548,-0.06592158705492793,-0.6397197277815623,-56.54704747345703
0.9864501239578849,-0.3202019558703369,0.8753346280078365,-0.24634476645637418,69.63484655797728
-0.9293899618978104,-0.47711719561064925,0.07388669031540201,0.06605256993647789,-63.35570037534671
0.49358786170628277,0.1370736709497647,-0.1508015064651831,-0.7963752633144155,38.21745485614022
-0.5863251940286519,-0.5362990689861877,-0.6004868333193162,-0.43452231055468765,-22.966753191015943
0.34394540615736097,0.5775490643803463,-0.747282522346808,1.105709391227212,24.417138843679105
0.38623455749749347,0.580152095066571,-0.7679288187824823,-1.277021607715162,22.290817377320447
0.9029374184593751,-0.4466368045580552,-0.11354155479479427,0.9902122572386819,56.93430880101446
0.5831607707092881,-0.6782935396939217,-0.39618588294267937,-0.2759330356304543,27.592818199078295
-0.7286351677081236,2.3587166300860596,1.5048211027855045,0.8220649762919481,-36.024697560247624
0.16538891822892776,0.19563181816250805,0.39838328835671066,-0.7993340591087718,15.880875062670883
0.3351868964993247,0.7085188413301446,0.44383405269447695,0.2288545188582642,16.29960939796029
-0.010989216233233937,2.1851097246290294,0.7287160672939973,-2.2688596988330647,-18.13900067506697
-0.4324176421224888,-0.06961985737501636,1.7156618753753032,-0.9059362355222629,-20.135754757154636
-0.16114803405162426,1.0885489763298268,0.733491654037418,0.9010080569366087,14.515218994061964
-0.4770961988024336,-0.048116457031995,0.3909235876488668,-0.08437902143104384,-30.401368838457195
0.4882270758075032,-0.9097765218041878,-1.6780858586395353,0.6509864053501062,37.36447950523544
0.2569293152674776,0.7422958441347711,-0.2969248793286538,-0.4366878117863807,27.864774031501184
-0.13738236653610245,0.848171049441524,-0.1660536761958453,0.691135895159979,-12.855681464348562
0.011955368129902975,-0.5615945418222378,0.9303909617462467,0.5380850860999179,15.52285927128319
1.885808513750138,-0.4143455668581425,-0.5687778345425839,1.4636305056660006,115.29912977490933
-0.9378351173764881,0.7707654376141316,-0.8398355726932324,0.5606880592626938,-60.7580359846395
0.09145219306471915,0.7218079004218056,-0.5334830789579527,-0.24067128027764478,0.3308881676701443
-0.12876885222876064,-1.3473581677377426,-1.7175061881664784,1.467491816300227,-9.636131525564652
-0.059936835663048596,-0.3907586610865528,1.0039652950230504,0.4788078774352215,11.573822291851867
-0.9625045414033245,0.5453950700605869,0.237599549802328,0.21871802993919812,-63.679635701174675
-0.5535357191727545,-0.5312548602326717,1.5535151438413553,-0.17849930656991161,-50.15625404051555
-0.18157503521185248,0.5133769685939015,-1.0079685387387027,-0.7316425123881586,-25.440863209428784
0.7330411881122376,-0.2715074948686114,0.07827468882385918,-0.003918444273289029,73.41387255647578
0.4772149604188126,-0.983237576836757,-1.28185299001677,0.08192625533996027,17.672108595965675
-0.355573440324698,-2.1309213691236657,0.7450697952309076,-0.5737135923526536,-30.464336392909352
-0.399941817976762,-1.2642011107969138,-0.48846270185982527,0.4291086307909567,-2.090780530397325
-0.49651792540893624,1.7503779883767823,1.976826055787641,-0.4816692977032989,-32.989068021142565
0.5836195126690213,1.6434662722854383,-1.3571521250239194,0.5197921436089147,23.00120006696286
0.864021024064461,-1.902398151909513,0.651305658493044,1.5064505466036828,42.79156937641049
0.7372110027169495,-0.8756656842368404,0.7469671167138808,0.6176931197029015,49.49156890227272
-0.8149356591446681,-1.2479320256422959,-1.0683908445714296,0.751134136099125,-61.992996906049115
0.26349451249962974,-0.1639362564827365,1.373516554208795,1.9433434330196402,15.528631542318394
0.9654100123471049,-0.377077233162035,0.05286059948832267,-1.6230233617289747,87.25827150862547
0.27064300216488185,-0.20584719309894065,-0.8220070042391072,0.5065259545636532,14.304059525255388
0.5660872651829996,0.6086417022546055,1.6155145646789872,0.05636693641573512,34.86272036733879
0.6810042666420846,-0.8341501450711035,0.8879359715501474,-1.337907855845853,30.172839571688648
0.5968191471392291,1.7669944997430207,0.9325789796761897,-0.8894974532438747,37.984036611386145
-0.2544673324588085,-1.478590464984302,-0.9500611431133403,-0.48373085322967413,-18.630682534385244
-1.3419368875687103,0.234692180593067,-2.246378021963698,1.4742783521082075,-61.97613025026742
-1.2385942506900314,0.8592947795389337,-0.882716574763354,0.8703935419325546,-78.53047875430413
-0.5576553576276715,-1.835736359766325,1.2269848577105162,-0.06778169575661017,-40.35414224963969
0.6260963971697963,0.2811333453951781,-0.43177650729225653,1.2353505608575874,47.54499836980348
0.4297989880521704,-1.5834368004895243,0.08418377610434624,0.3249914882289539,44.36086431399494
0.09005374495111601,-0.381777709039408,0.5833011371204704,-0.7826739961764004,-5.019332510867719
-0.7909624019399812,1.0401109283404966,1.4937392943449335,-0.5236633712227076,-41.495420534738045
-1.0660914027311914,0.6377989164538458,1.1278324792281174,0.750836955019807,-59.5044945284263
-0.22222797832126792,1.3366377203809328,0.10487448214346715,1.0331918206320145,-17.074496354494997
-0.9623533433512365,-0.45015897377348874,1.3988766079679718,0.45247183663569407,-62.932311350132714
0.43646627450509756,0.03325824557924532,0.14860247307052413,0.9638403244106493,35.92663610521814
-0.9766639312223087,0.14109738227062718,-0.009085578350598054,-0.03885128445401862,-56.05451127831874
-0.42058277956554324,1.6224188975922118,-0.043306635564977256,-0.8772788143743218,-19.352851188454515
0.052004289759181276,0.3896549807489906,-0.11526557934635656,-0.06153833871965755,-6.877906744109376
0.6878268734670557,0.8846354511857516,-1.992476975252309,1.2824759422802505,37.10679071814417
0.9522642324490944,1.1225259575322721,-1.2379755256960572,0.21104567384195955,69.68967624787943
-2.0092069666584242,0.8747893648544843,-0.9540598188024583,-0.16016372192781553,-113.9403862881251
0.8441758808012364,-1.8339768904692828,0.5329383923603458,-1.3416417315305424,55.938290711306614
-0.694157857163328,0.002621924247160701,0.21427609592638674,2.0640373723989547,-38.82015552240035
-0.6835972147741667,0.7969623769520818,1.2113512632932166,-2.370013868401316,-45.57916416953316
2.389244467157772,1.2439331184806395,0.7768746984875577,0.2346047141848591,153.85287001536352
0.6628944409916648,-1.5466955872710242,-0.9310162887895417,-0.3670329999571228,54.06496178226716
-0.24774221678921202,0.9635856662587408,1.0241164382845307,-1.67403942914328,-11.490800484251338
-0.053367538868711005,-0.9445069960691267,-0.47280579957083035,-0.10230410416888934,-3.4223847858936813
0.7878349164094235,-0.016832606186351524,-0.758879313290723,0.6458594665584265,45.070154617627836
-0.49311814094015555,-0.3138916110737866,-1.2096303100673989,-1.0620954057799121,-23.552359546374532
0.07671940481659878,0.6855925757216937,0.11807214901950293,-0.11171675504367169,-2.0240595930585847
-1.7242608877190333,-0.8183943072635709,1.1910826065905409,0.07385629039423777,-111.62059213068589
0.7600419883212086,1.242476997763652,0.24414577577112037,0.32903706042498604,48.55342562198215
1.338001884245898,1.7935156419751406,0.09540303141977341,1.7765614184833125,75.88402859783373
0.20331937992952426,-2.3228220790518623,-0.43694958969939773,-1.2933365354181396,10.367633758187361
0.20553968616491128,0.22410932479127013,-0.7891637212412768,0.06930863022769576,29.65538776115759
-0.30204110958188535,-0.08928432048523587,-1.0857949005079666,-0.9047270131974869,-7.529045564026212
-1.2172797011207315,-0.3633247956485714,0.6789346649525091,0.1522424243282228,-73.30719312554542
-0.10864744235094771,-0.5613770383263424,-0.06330982839922507,0.4569085039585029,-5.292496769861159
-0.47597719586191595,-0.31384037239053675,-0.8763067810907519,-1.6083477293812596,-41.105925936331886
1.1359632951967638,0.7185415184844178,1.216886533592853,-0.2937255861052674,67.06922735477407
0.22625186477396114,-1.875118265979565,0.7761671374707765,0.3252159805804627,8.516070818898996
-0.0415429077896567,-1.1447183038502022,-0.33589879497206393,1.4328374969794129,10.696367375564835
1.5642572922155695,-0.8783017957570355,-1.4848837859256467,1.2817919493502405,107.17954530514346
1.3508236645295137,-0.5103993493832358,-0.638960702093523,-0.267638362794107,89.01035927016702
-0.7033709285843944,-1.0167079595529755,-0.10291915688818094,-1.2105785665771902,-63.290888807475824
-0.041647251233258485,-1.8099992352718128,-1.580409220400433,0.8751753977854246,-9.986050702614502
-2.1264503409884226,0.79868783162212,-1.4616168486342158,0.7540043388342974,-122.66504978168828
1.0757744261125917,-1.9036193840142752,0.4476862533961082,-1.5395476610987406,57.42049014330129
-0.5239216409054807,1.4178004958186117,-0.6185424628656051,-0.30363338002761364,-43.42391083829415
0.47278732701992615,-0.48147076194218663,-0.3359206615005819,0.17499499733937934,17.35872539450847
0.1411730730982308,-1.745739817634522,-1.7095778387668934,-1.6734204813473288,2.8442553087449998
0.3426575513905215,-1.816528406250561,1.0558791698093206,1.3080462048868984,15.087961325107639
-0.321321427101386,2.2592940260782015,-1.4833002937444215,0.5427899921004411,-9.621235190896812
-0.27921385517548253,-0.6368810616177548,-0.8998089845108292,-1.5648885783008633,-22.98771997912916
0.2175834859140435,-0.14693903921080106,1.0908687372297312,-0.8376158225349369,12.658539110252542
-1.980875800540159,0.007363741031001129,-0.035094802986023736,-0.7309703252391242,-142.02561373855062
-0.6163887153156451,-2.405973592113627,0.9416101094609327,-0.7829840981090993,-22.907567501616672
-0.6130708548755482,-0.5478190295410537,0.6145725204301307,-1.3060885853389383,-31.95359327358521
-0.041476747395924884,0.20842443243845368,-0.5238156308052307,0.11724693684553822,-10.649645179706777
0.13197097623580537,1.1731421923082572,0.6383160640898914,-0.3887973254537132,-1.4379686208483733
1.2162754104432576,-1.184789086780167,0.09822163562724708,0.8403584228463113,76.8088973045515
-2.0285840890817317,0.14541755999205647,-0.9460541977605506,-0.5090510832260942,-130.43687279039733
1.082127310454694,-0.03047164150367645,2.01954190136276,-0.5394650250932331,60.35794416464835
0.933605116090735,-0.07350622703043744,1.4869387888775984,-0.1821237988965873,69.87027818398789
0.2628920231103318,-0.9961252948837845,-0.0756685996221396,-0.8276273959612828,16.699541388548646
-0.5027279093297411,-1.4613374558880254,1.2180616857850128,1.0914243021476853,-31.550822714603207
0.09731339148652389,-0.3934143469657935,-1.0666476450319593,1.6198927676901897,11.758533041965755
-0.7546408824873568,-0.4128427836657656,0.007724729842774208,0.47928621142329253,-61.28986248125307
0.3137704736359509,0.632219830781426,0.2535545264448081,-1.5146067969864925,27.226770005577777
0.27266461327322045,1.2287725059364776,0.422679507883716,0.7805756520547873,2.590527753576641
2.405444126055737,0.6793454603525606,0.254066591772639,-0.2855785964982376,149.78480280453985
0.02473016812445381,0.4924745601108344,-0.18841208577658844,-1.9362523040622135,-4.239174192626907
-0.812954088155839,1.529639639169114,0.9851930824809356,0.24076793340621572,-47.257942709485405
0.7113069387551368,-0.44881951104823264,-1.192301046641728,0.1674887696232065,50.49915276014646
-0.6478463459814358,-0.13853744362139858,-1.0082377819921509,-1.4110010988763084,-13.714325292120918
-0.7322299795692914,-0.5446280506467968,-0.18452000152516976,0.8482262577164097,-59.02370687930444
-0.06745612476016434,0.08667736262985463,-1.6612060940583693,0.24285268354998352,15.692526580710842
-0.3637883338116741,0.19053714146922388,-0.2466751094301817,-0.42916906097915325,-22.754003477449945
-1.4181049062350757,-0.8933566831894516,-1.504156374068647,-0.2802444207618534,-88.99055422040908
-0.2975859522183293,-1.0885725851871675,1.7142309141533625,-0.2305497046612106,-29.664587144788797
0.40257428431231507,-0.1786584629559288,0.17292698967737655,-0.5727542487036453,8.288373951535313
-0.30739026971985467,-0.057183157009727724,-0.5357192387958668,-0.5098143381540641,-14.63513215865786
0.8971310176979346,-0.10051857354832844,-0.9797534305319047,-1.2172234120815537,52.49500626314541
0.20896553752271463,0.47341070117163464,1.0269987778216136,-0.8042565807985455,-0.424232447770736
1.6429529788581236,-0.6171849250276069,0.6267559153067762,0.5533488844804139,104.06610893092989
-1.2629780643615267,2.1906570181571063,0.614322934221244,-0.10750396841495184,-92.04828122301423
0.7645374113484722,-0.7860267709702589,2.9405404673571542,0.53453609472089,56.82747126155433
0.7726200882976106,0.11661014836838561,1.0741394886552897,0.40203006545566017,59.88079016669025
0.7254849318314398,2.0251898433417823,1.1031955819305788,-1.8180283869551088,38.94427718852119
-0.43503153920282095,-1.071968638767722,-0.8425023528064749,-0.6928569527773262,-14.101602430242735
1.8273604809671984,-1.4057109143578737,-0.0633888153176248,-0.5075296244846365,125.08575759657307
-5.4929147003192485e-05,0.4164833811383715,2.0771995120775695,-0.8068022752219549,9.637256342850948
-0.8446900560636977,1.2694628650617443,1.0091952808526248,0.4041754508589017,-55.29995302745664
-1.0631751097359106,-0.24922180464405502,-1.0996880291926328,0.1288044582471604,-70.90442503948017
-0.5604936005423753,1.0528447748324992,-0.2159130302931942,0.2630693772165952,-27.907104682756874
-0.3442661591084202,0.3064961382357849,-1.5025639551763326,0.3434500698525516,-18.83217469498284
1.5620324371862786,0.8100409318372062,0.008077138907562476,-0.046745602629301664,107.292378642555
0.4782971739161147,-0.05053121218944862,-0.09514253868444389,0.538540247983032,29.849557454441427
-0.9100544671915499,1.4272681881868898,0.016755938778012312,0.5150011085930539,-39.985068162947215
-0.5586047734872208,1.1365388865713848,0.21690064165924347,-0.12321414190318043,-39.70238927790249
1.866888919905248,-0.44789291702030454,1.3673119576881525,-0.5029823619487559,119.76180699182515
-1.180244671568501,0.5693350753287517,-0.30443906165716283,0.7912559136219427,-73.81984616806457
0.3434198648975986,-0.3758836170195901,1.3286157920845825,-1.4947271598262766,32.39395895478128
-0.9955859723562264,0.40583791179126105,-0.7999685516045624,-2.6258991557522524,-64.57832259182607
0.30415932415547503,0.10010171393511502,1.1021937184330246,0.2537847267660186,20.450037197547754
0.8546672835380029,0.4122635484084577,0.2765065789448528,-2.656931174706909,69.91876006490484
-0.5101891181812099,1.4432791177737923,-0.32509913509924854,1.188120076588428,-40.79198608928589
1.4222246106029814,-0.6287296278192904,0.014092540840735157,-1.1950634785917167,80.3908340146653
0.7095498189369221,-0.022660106211384753,2.280839928371742,0.30145660003245445,53.371398001646924
-1.932419069027739,1.4226732145110719,-2.020519035778595,1.127489952844349,-122.83663790321086
-0.0701735066127258,1.283077201257829,-0.2715322025477981,0.3736296385457045,-7.400225148164939
0.3375621893117528,-1.1521186785854969,0.7669251508614259,-0.28288905009791193,16.366871146044666
-1.166085041763228,-0.0901673631409147,1.4285081702646378,-0.6510388072767014,-72.55603749797089
-0.5796496007138303,-1.7100732015455242,0.7663657132584943,-0.44849398074069186,-32.6639142780423
0.4066123232400274,-0.18481042496053848,0.8015971540577921,0.4803223055540983,36.8944595381229
-2.045453135394557,0.7182454326569695,-0.062203527078771054,-1.7760602176810392,-104.44428320322558
-1.5069962254429727,0.7403781265758954,1.4977888939985853,0.33974033838501777,-95.59509997372339
0.30709434367602867,0.490987717501003,-0.9314824874079674,-1.3059011726234708,17.290272619567098
-1.2324433036110134,0.9099618374944931,0.4379578929645643,-0.40251775892986713,-77.43206028844637
-0.6160192127835163,1.95141607695185,-1.2575359217164896,1.3309844915158202,-45.435735414772324
-0.373077441531549,0.8068923515078867,1.0614688632004643,-0.3740009074278445,-22.315772820119946
0.3685308777658455,0.6310939427509501,0.8126618879082851,1.140282575156832,17.5217121750224
0.7664149480293364,0.19281932119344392,0.2883372029619994,2.0381118546875268,52.05711231645565
0.25248809999563077,-0.16782398185539035,0.6897486528289596,-0.17417258027432284,17.618896135456747
1.9165560181272434,-0.28928923875564416,1.8828586147613184,-1.6357170146082056,109.8480051233086
-0.1431313028208375,-0.3604525741708011,0.027779798286454216,-0.5364475015709771,-5.634962598843144
1.269277747993888,-0.8285855601080013,-0.07645670133677923,0.41498973271520234,88.97102936843368
-0.22361800462772174,0.606881925892009,-1.0093271595896074,-0.7688309425472293,-18.598210732658902
-1.7621266632190768,1.3191288113756738,1.7388859335751525,-1.9651452281567832,-118.99432157514288
-1.2276772589215026,-0.8159902337332766,0.3087654550634132,2.7466140093475433,-76.72936531830595
0.13956306389841877,-0.3890931156083674,0.1098174008497249,1.2355498438510817,9.200406448353757
0.08042057098189608,-0.4964842044757971,-0.44816633047456594,-0.14298966372473473,3.486940159901086
-0.34676019584048917,2.2661653240366193,-0.18750994317824526,-1.6957052361691474,-24.706460737146028
0.13680102375181014,0.558818402659543,-0.7212055733751304,1.4170608111654421,4.819591662398873
-0.21326409343142214,0.38792054925480923,1.9579202745357287,-0.48716269891490926,-26.23681698570037
2.375050506136795,1.469076967761141,0.04868451503358513,-0.5131342417305667,151.6054248239851
-1.1102924402028578,-1.260743068222127,-0.28095528170217793,0.3185814100955073,-59.21172755239784
-0.7913695443596938,-0.2756690633920943,1.3322896490587273,-0.6291706530808397,-25.403620593906282
0.06391082727075821,0.007222810072191102,0.5359543158928306,0.7525107474035829,-3.2695260943968414
0.4894143775778868,0.3515340973403482,0.03626969135369287,0.9198316942138145,7.70642181992535
-2.214677849869701,-0.6515438968813779,1.3778778464043757,1.3727167957340267,-140.13764993176508
-0.7400535267324454,0.6207268374884138,-1.1659652761016543,0.5581134052316875,-54.63970166148141
0.9380920415501054,1.0875441941133321,-1.2834356009280552,1.5833633553506599,75.50859714843313
-0.7993265335011613,0.47447341676515614,0.017377722815762997,-0.2674538867725304,-49.48300910826423
1.0657233004745967,-0.14667163433411512,0.9753748437736564,-0.3945045785459494,68.95160408798623
-0.06520210239311992,-0.8716129607445047,-0.6977032358875194,-0.400044126205854,-24.71467131761594
0.3573346813485922,1.0585891655487354,0.27458414869390557,-0.19319605750079863,23.317869293173896
-0.5712685089713408,0.16725374734041248,-0.02962896247849318,1.1879792407480956,-49.47891309791465
-0.49005229051901344,1.632050457165745,-0.2681386302461612,1.0850912187553379,-45.494074341631446
2.1151818877117607,-0.055576674553638516,1.2748956985908166,-0.1809273624193074,124.29703304099466
-2.3505885365563803,-0.5313408355135156,1.367509133696816,-0.5258534321532474,-145.00901311381455
-1.0169627840491717,-0.17317492303387855,-0.19189727557966926,0.6103478577222925,-60.815953309821495
0.45624643237177753,0.86432662476484,-1.12262621372182,0.8478384827472327,29.528284797208226
-0.41160033234722676,-1.679468715397634,-0.38671093648845684,-1.758604619344523,-29.849738078974728
-2.5427284804836474,1.0358348399250445,-0.139286574962261,-0.6778114242023927,-153.3696345502975
0.7759032546229953,0.12513010008539258,-0.678186633021189,2.0973016814912873,43.03753964173921
-1.3685024904148442,1.1949566045931959,-0.5369623589557746,0.5348757543737176,-58.63672307704006
-0.689752015013748,0.24106964939686615,1.3466259876148186,-0.11380912575408368,-52.64686916526706
-0.026457815543392618,0.5050888797522581,-0.24117459265205865,1.7071147119837462,-5.35982642438703
0.40947273020121094,-0.5106724731326048,-1.441660356830904,-1.0881704431670116,25.090982753994666
0.9166241434972288,1.2521543212613884,-0.12360363902561398,-0.8995004652875749,65.24799969216569
2.313097239038894,2.416161031558706,0.30704660394452093,1.1241859527129814,145.40091899100122
-0.20627104906370314,-0.25463156398573206,-1.168183212244509,-1.442012012750157,-11.160067197413131
-0.7027787762062344,0.913681157665032,-0.24741445987375418,0.004434668328530807,-50.36360579090429
-0.5497171691773168,-0.4757364530572671,-0.07026496283800944,0.07302101783911673,-31.419578106083694
0.8290099434985774,-1.5206494094807748,0.8052894631786387,0.679460591057467,54.518527500767014
0.06306802674101084,2.0378518009024202,-1.4376255427172442,0.6294471831265442,7.026301143279834
-0.6567332644226895,-0.9900107698607752,0.06189900948092905,-0.5024004768649463,-49.661319998066844
-1.8980769364107475,-1.0602587980641367,-0.8141744772243787,0.04208334002897477,-118.06140272911448
0.7965741465750868,-1.3058544513843433,1.00358514642076,-0.18639181093273807,64.71125702988772
-0.7963051067135221,1.7574790307348176,1.706763416101794,0.3498506535691786,-41.24743915862309
-0.22868797595652846,-0.6131670022162381,1.9161400698015327,-0.7204804359729774,-18.558117639875956
-0.1259375040469527,1.0590362336488515,1.4952419585124561,0.37746141670891514,-0.2717499621276076
-1.2104291245707357,1.4056186881135915,-2.09155316687621,-0.5308270846970932,-62.53352531081184
-0.7417267853161359,-0.7101348140363434,0.3039494391359143,-0.253186976014795,-49.97252067718286
-0.6865308889200069,0.027922327556113038,-1.4375727866124377,-0.8872265148679438,-44.05539787978981
-1.5028996743562744,2.2064306141883807,-0.20503122679413774,-0.38161467224173296,-105.34983057866452
0.365239499129958,-0.4760564121079281,0.07829256800319125,-0.20206024681072463,44.78590930344326
-1.1760065073695258,-0.8643286698140578,0.2859645385417689,1.0018822014270385,-70.06598812742723
0.25466451946833046,-1.1102404189431514,-1.1181406528093465,2.3267928933739577,6.728745047263251
1.3921385359356733,-0.6503736743522368,0.06743614830131099,-1.3855895414792014,105.2235391959752
0.427469327700829,1.7098123105625105,-0.9118164053006421,-0.10005914065168008,38.772195002371404
0.043469617397184725,-0.36673090535729796,-0.16286706886124874,-2.75506502954267,-6.753402118992748
-0.7525791813691738,0.8524146356596951,-1.5176523038071585,0.04956043062631282,-27.44140823557069
2.1074736374417737,-0.1934508244303274,-1.0245481511471246,1.1728094452715065,130.83705660449326
0.035555561566255056,1.6256730194089497,0.45029373074928314,0.11564222613048157,19.238827402118893
-0.22433295913938664,0.34799409598495745,-0.1669682629473675,1.32013079529589,-16.216783055621846
-0.5630980303329155,-0.37697938540035447,1.378875040457151,-0.6088351001857306,-24.518983449015053
1.0877899400057527,-0.0411888086382113,-0.717311556059446,-0.8992624208109912,69.04259864759251
0.2918526546070242,-0.6301066128505841,0.5266256250490047,-0.2930110031663727,18.89919324363599
0.5173235093496916,-0.03444598025960835,1.4224293398726298,0.8241944361232958,50.27944214359606
-0.6764963786731173,-0.3967305959838397,1.5936754960208437,0.4729290278113661,-28.741384879994595
0.7871737302416258,-0.10829203297007434,-1.541800756239959,2.5952300623340454,57.95595834361993
-0.1278395123028178,-0.3615706363708044,-0.4726918466938402,1.2630220855222405,-11.49975280591664
0.902215403859186,-0.46264332239280936,-0.2297386105945185,1.1749747124620733,40.79407366851836
0.14716868049118972,1.1243914624066216,-0.02563771844399174,-2.0754229044711408,11.940444830064367
0.5131648361139236,0.8632535734849746,-0.14673522985049037,0.6648392146504498,40.960632530778156
0.9052315438590406,-0.5051103404677771,0.440714141660465,-2.0507910504593876,61.55146106758182
1.4048243709687023,1.180868081998516,-0.46167543668710703,-0.301336444811622,105.43643923564294
0.2552551235441762,0.660997192216311,-0.1769118612372085,0.43005939818100253,21.032135359409093
-0.43625079837691444,0.18566442669758168,-0.4591767385670488,0.05825081300641184,-33.593306350130554
-1.845992093141526,-0.44904433764148005,0.2493144408755115,-0.05929600013046576,-111.2517129922121
0.35263694111324445,0.6680788271596059,-0.27946808966441905,1.0544684233322936,19.269635204913378
1.1698423474697675,-0.015001623437948617,-1.8442872354091093,0.5596599110934907,63.71692817540439
1.9910792866079614,-0.4150534554019252,-1.6443282686461156,0.25433002509742897,139.05840935862852
-0.055976718776362365,-1.6955608640276967,-0.9300924349354245,-0.4941586971837621,-5.450080193416445
-0.020084587952254394,-0.07591959147370725,-0.14707088503082574,0.9600989391337011,3.7910298258855795
0.2759455767714043,-1.5707549276016997,-1.493214958907118,0.6475669120546664,21.144076594670484
0.6250928295809715,0.31435047254148624,0.29253753010345135,2.091228277589053,48.42208489236212
0.7853763741699339,0.2008183093463895,0.6953781586055234,1.3408851029471898,45.49468528587604
-1.0451497654123465,-0.023918108166881516,-2.138793578924444,-2.28273409778024,-80.83522019526198
-1.074076714596288,-0.796835069497219,0.21666871562050452,-0.7548377312225356,-79.94840717907438
-0.13256420522401227,0.4157118124770659,-1.0009079904606946,-0.5517983786246035,-28.623101908257123
1.3487978734583168,1.3768463474959822,-0.31141571218749414,-1.278568212540036,87.90959027873353
1.4911169170539376,-0.8166887898668058,-0.9031943816262509,0.9827838154815147,101.33422013382463
0.18179497543401374,-1.230310647730444,-0.03784975828679682,0.06398540016440496,9.938978566043568
-0.869775598964769,-0.9581810998776219,0.3936687776296135,-2.395814079374144,-53.174758912047714
-0.14223111057967444,-3.10493726618793,0.39782434322741506,0.4666566702046777,-13.382092187152733
-0.09667352572111114,-0.9021614990373933,-0.006533778499639788,-0.13188319259031303,4.341453292713986
-0.395373615626056,-1.3231201433055353,0.6015346867880877,-1.6418516604942663,-27.920125023530876
0.502692314435,1.0539160549321684,0.8448625724174864,2.002304672828265,39.19638721014137
2.0779136276493126,0.15671622700955426,0.8056380179526371,0.9755472435055487,126.9250285795633
-0.19233619815654973,0.9853883471358591,0.9038823746647973,0.7573011598852204,-9.10628593468617
-1.0191382082118412,0.9200482598662536,0.49095292417800074,0.5012456275317099,-58.97036216177652
-0.8239287168309021,-0.26087267257420027,-0.9352407482588755,-0.5237060110653984,-51.28707078481313
0.14580303556554122,0.9484195395008719,-1.469991139340839,-0.6529099203641826,11.116083933406355
0.6851335793436414,0.19574611184778143,0.4508976148397892,-1.7769274628447043,47.90395059637542
0.831539779837751,0.4131337738912254,-1.6628232471351032,2.0367304167160887,39.954431831857754
0.1631089292359398,-0.17571426575512542,0.006130721483350293,-0.4946533843098467,10.77505662209472
-0.5962331659190357,-0.18239577139659935,1.508087769242223,0.5439918575992749,-45.99270369909725
-1.2809262704527213,-0.2660666470427298,0.4164160030071519,0.6638282268470282,-80.31928061253679
0.5686802911136476,-0.5266587630500661,0.8259718128144593,-1.7690239242750991,27.7518068393146
0.16954292739779941,1.2924517135475093,-0.6065156851883706,-0.5700414106153326,16.660118417820534
0.010141219764896509,-0.8769265447983106,-1.4687353571340673,0.1773688910905335,1.3201450767823488
0.4575426848165697,0.27666472536105324,-2.5299347638013976,0.8876552565724942,24.58757644513021
0.28812251089805613,-0.5263381503103223,-1.1961555142794984,-0.2502482282121606,1.2284469094195423
-0.6485244205032549,0.42095076547352833,1.8308382838073665,-0.603566644652277,-42.05018074042277
2.897805442112907,0.2104340760577334,-0.7363930120440666,1.6320218501966748,177.91737059311365
0.3180731764204813,0.29486399301536914,-0.10381687076183901,-0.3244100776450687,8.07293165252512
-0.49711221632192387,0.1554104963812368,-0.4676115331498622,-0.3001853474967327,-41.97086233821116
-0.17313641492580792,0.7428445882633912,-0.10536805457171293,-0.23941540815984563,10.872321095931312
-0.8970792734472012,0.03294458910499212,0.17861091881545227,0.40326764796686587,-56.58551433117656
-0.9791123651816928,-0.22886225410066352,0.5144905353139907,1.8352485137546757,-48.76596666888408
-1.2948532440520961,-0.17560479612422392,-0.6255394625506887,-1.2043272462264625,-81.07166769654333
-1.5528389734287413,-2.228503095386575,-0.8334007996033589,1.553813097293113,-97.36361751028831
-0.1612416729416639,0.6475068826921262,0.47165282462723374,-1.740250622167897,-17.412770628327895
-2.18847344260766,-2.2318078569937696,-1.454677832170845,1.609434269130874,-135.19847659448848
-0.28804450678611576,-1.3739013525297068,0.33074531856844636,0.907287290579127,-22.544136335609124
-0.2606601620270509,-0.9354065597332406,-1.732297551905107,-0.005923824301471389,-25.60762978505035
0.7593472703242897,-0.6998022141599712,1.5414589554245814,0.6985508191107124,45.96472013488093
-0.8512333765740119,0.18149300231047508,0.47277557237605045,0.5731014238737635,-49.108590789700465
0.627775308037721,-0.7070747802414471,0.34551705933342547,1.1700877549207862,29.025757892945364
0.41525162780073716,0.19708710339172075,2.0716073248143343,-0.4652672537875106,33.79900057258253
-0.14585559946900836,0.6817814351852015,1.5649330742922587,-0.8711068836083972,-8.615383247425418
-1.5897526783118257,0.19026368186571854,-1.780234298133034,1.6911447412970195,-90.8930039158351
-0.0505196480977253,-0.24280084905566085,0.45546820423102086,-1.0462524456748048,-3.8012171700964794
-0.6946007097390698,1.3737857709016865,1.1922160043806338,-0.8784953022246206,-29.86168110036061
1.8344688432372138,0.0785272278023616,-0.43888678547951243,1.3792646138685432,123.18767585902823
0.528701854082195,0.0517775918657877,-0.010722102170572383,0.6637091421620017,29.927317193120086
-0.6273513114717512,0.7919299591163163,0.2470383788765642,0.6210621024672928,-29.659742834688906
1.3976742567217602,-0.5373669369947991,0.10556686566373541,-0.6630974038124223,91.41563405312053
1.3832526652767008,1.6433876156520084,1.7223605481766184,1.3099180531332157,67.99056409792846
-0.8347760987659398,-1.5523414977234997,-0.0714158946099869,0.6555107112815808,-49.64899144384924
-1.4186868081967883,0.38662901099865127,0.6134204104950637,-0.1540851777151941,-82.10169104157833
-0.6346187049669219,0.0590180169471106,-1.1704951172711031,1.0176590141903976,-31.107016290567184
0.6743933926058241,1.2628249756386891,0.3136286967156709,1.1650692600019656,30.689612445142274
-0.4496164320639526,-1.7072311908518343,0.9318208840887908,1.2247821418044615,-23.29412493275005
-1.906245315827942,0.4402249554098879,0.12849018392115533,-0.534456134541588,-106.15965940826948
-1.2021921321117324,1.438014582757387,-0.5660794467424162,0.7097878605603263,-60.070844962674364
1.8827904990751587,-0.43983030176700905,-1.4707750255307142,1.3174455256301563,112.4731552870722
1.565961112264079,0.20443596710729908,0.19475341804709564,-0.5178405623255204,95.86641506923571
0.4800558077961369,0.21760907720751527,1.612009438811892,0.9189421020760793,25.206464702437096
-0.47304283924917784,-0.9965414895179944,-1.2037756657123946,0.8021266736569507,-4.583215588823833
-1.0559008412591284,0.8647476586895775,-2.896657593653245,0.7060620715467634,-63.68962572628538
0.7146051153271322,0.8534651883879494,0.9856054282147786,0.3365362733567335,32.82496403442626
0.23666989857397075,2.455567999656967,-0.13362734372295437,0.4645551866321618,17.141004694755072
-0.06836408800592701,0.20759036564748545,-0.9334410481558295,-1.162207708918531,1.5541530042613205
0.9335696459421133,0.30676064256265956,1.7407777337308186,1.410597007047696,67.25992429161495
1.1211330080216957,-0.4244840486931342,-0.5101577953943496,1.5154774750561306,66.9096181951556
0.4380629374893247,0.14908599651019355,-0.27818762175254474,-0.48111595411400193,9.891239477603119
2.0242636013459654,0.7445100674593366,1.2017220708774485,0.46411533003157207,137.4697064430314
0.15471587733153297,-0.2076089726452359,-0.2593427981002284,-0.047307954521078194,-0.8891621444648692
1.1687014776890847,0.552766128261828,0.708691092262738,0.3352077824583997,67.54833082352357
-1.0337180014409106,1.5874724272127476,-0.24591722775039865,-1.1137977379034931,-75.67025298031106
0.03134459043593507,0.9215216186180248,0.9677825408272074,1.122239704101841,-10.794069197350622
0.9051349327459118,-0.06458244662713808,0.706789080650647,0.34454193432705477,58.47977957622123
1.5897985619346846,-1.9493830187066397,-1.1270376587193123,-0.4395766810599148,95.21787359940603
0.2874691228923673,0.6930036613818168,0.9394299772265488,-1.2704640898884263,9.589621477679296
0.7852301567299113,-0.8531900036951744,1.031173418473319,1.0823022981253199,53.38975738341013
0.02268053245419626,0.34518666335548737,0.9088557142706918,2.2375699068773733,9.331650750020296
0.3604941220764585,-0.26092085843983553,0.34467403116618317,0.44430203845876637,44.756644499189946
-0.06558588703651232,0.4118223557085955,-0.18741847525503444,-0.3270334255586099,22.22503048708395
-0.8201464683521916,-0.1926273409203377,-1.1684015553464753,0.138444864101554,-50.97028993867577
-1.4310537961012835,-2.118363573678356,1.4843388286371326,-0.7627093602038761,-71.84375770966004
1.2063074737825816,0.9312527482809889,0.1513864550957418,0.03843413869205453,84.6697616508637
0.11547070183852502,-0.7102466324299621,-0.9623113002460693,0.16291279666206285,23.066376615460943
0.7092882916260583,0.3930233754220102,-0.471579899371795,1.115799716556091,29.425938430518343
-0.93841141907886,-0.707634422942251,0.45901490324659583,0.7498674844458025,-59.38969127555696
2.182308991949919,0.7863202667265361,0.16868539567393928,-0.7588804410696813,132.10370229509152
-0.9754100528326661,0.8173300772782982,-1.1212068438355056,0.030431943122978616,-47.35338593171406
-0.48362985434652744,0.8290428809511082,0.17369306207077814,-0.5004229679075904,-16.290971847306327
0.06955056725140095,2.0549326760218474,0.05893690089059136,-1.771326428913439,-4.272448690487451
-0.8409397733046192,0.14944587648514326,0.08066841006075186,0.001700056696459392,-45.57571325429951
0.6346234076915835,-1.3430666252509857,0.039495462175121766,0.20676985067913506,31.99370007418122
-1.2250931865319197,-0.9507976607715202,-1.3969139255825462,1.6867017799956516,-66.8529923458716
-0.6927581299727755,-1.521544932729986,0.9301488131482738,1.1075865392896391,-59.087121750905794
0.9391227397851547,0.15851839166407913,0.15336864143413928,-0.36723830691379705,56.416062421298975
0.9068734001598209,0.14140628012749912,0.7479155310722874,0.8568793731527674,51.4600315772005
-0.7585522062972515,0.37600550565778895,0.5147436681037718,-1.0807066504626799,-44.44376859737362
0.49090927669821144,-1.4020626007577295,1.9544300800173602,0.39828948959605265,22.666464589044544
0.02239343122293499,1.1457615030597388,1.0762495724355936,0.49656728542915657,-6.501520547228046
0.5209852536348044,-0.9094831759876801,0.5996184934058458,-0.03565194956220894,48.18496988149316
1.0502057194647039,0.42742923517939946,-1.7782527648852597,-0.2997558066959672,59.92507571553413
-0.008358762076990569,1.2001226814250292,0.48892305885660964,-0.7032260904499062,1.0919323788281585
0.7602351186844805,-0.9501960888005386,0.6376472227560251,0.8948714764479185,42.41788345086911
-0.5602726301103657,-0.7870058798775595,0.460751047388826,-1.4253659232751044,-42.87948846521296
-0.45260672584506684,0.2483332834384683,0.10899818861661949,0.17905132210547567,-15.713812952963224
-1.7353524272321854,1.2514350717954548,0.20243442200799935,1.013785861119113,-111.7480539128856
-0.5492543277687237,-1.14423122019798,-1.0287457386701435,-0.07858273382325699,-31.908270245360125
-0.48238599075479205,0.05261227676067348,0.19365085905082918,-0.4583478631165859,-41.13549800320199
0.18709278991156525,1.2378837506067684,-0.46212000249361995,-0.15164554855364215,11.614040998630314
-0.05538849187025411,0.2659596126751708,-0.7253458486815042,2.0084416237121756,-2.3335993184434893
0.9972936798406772,-0.3750646961513995,0.4373667269008345,-0.12675089391831248,64.45859185443928
-0.6617504249210128,-0.798902202794215,1.552273391387292,0.12849627407431596,-30.42131998647809
-0.40819681587908885,0.9261329378841785,-0.5403254807441766,0.1913850478845303,-21.617992825590434
0.5081656449415868,-0.12693877326493258,-0.18403652092934009,1.264600087556827,35.36868383092746
1.0861305189853094,1.503311437899239,1.28857026700317,-0.14332504766257403,69.19263745136952
-0.46828171101851684,1.1547371418543622,2.4376471102056567,-1.6321683648584853,-12.440403033307426
1.6725900284161954,1.659668790030371,1.4225657434169738,-1.2762307632300163,79.2609439784326
0.3237665344933034,-0.47953112392497865,0.1562245566029611,-0.29438698514229855,36.68796309735825
-0.04653997218693256,1.418797626329162,0.24192587767600915,-0.7696476228700996,-3.2795461924115683
1.1904758786903722,0.8361953133405092,-1.4102125722189882,0.03400776141308223,73.84852284918634
1.1632334293316648,0.8642073433004034,-1.8317409950869323,-1.4494207977212235,78.77746992376191
0.5518188195744591,1.9665217555358436,2.1669417544032212,-3.734810850732698,31.50158889579276
-0.49859866133439246,0.344258844824926,-0.12406392703715545,-0.9142027610770337,-41.95216329064462
-0.1645670295980127,-0.3497132640825959,-0.3235670703552123,-0.2752431220762661,-9.75012385182019
-1.6140041279654138,-0.849282170682273,1.0017150181093222,0.591465350087936,-105.34971467940382

